      55       52
      11       11
     458      452
     637      512
       9        9
      11       11
      13       13
    1152     1148
      23       23
      26       21
      60       60
      48       41
     366      381
      39       40
     168      168
      15       15
    3117     3009
      10       10
      44       45
    3168     2614
      13       13
      29       27
      71       71
     243      241
    2893     2464
     113      111
     245      245
    1104      855
      53       66
    7265     5645
    1818     1078
      12       12
      51       53
     397      389
      25       25
      29       29
    1256     1209
    1899     1630
    1337     1165
      77       77
      55       59
     152      156
     309      309
     115      112
    4262     4078
     354      346
    7756     6844
      16       16
      31       34
       8       10
       9       10
     929      875
      13       13
       8        8
      97      102
       9        9
       8        8
    1487     1487
      87       90
     103      107
      54       54
     646      690
     165      134
      28       28
      10       10
      10       11
      84       85
      30       30
       8        9
    1145      911
     308      295
       8        8
       5        5
     175      173
     218      234
      26       26
    2430     1979
    1451     1515
     458      426
      96       96
     194      188
      15       15
      15       15
     671      634
    2771     2788
      89       68
     130      128
     157      159
    1109      756
      24       25
     155      150
     461      412
      57       57
      43       43
      49       40
    5192     4504
      19       20
    2372     2422
     544      560
     117      111
      38       36
      11       11
      27       27
      53       53
     429      409
      24       24
      30       32
    2489     2354
      52       52
      53       53
       9        9
    1031     1073
    7267     6085
     379      349
      60       62
     498      361
     210      210
    1411     1239
     593      578
      26       26
     107      106
      28       30
      13       13
     754      598
     225      225
     290      306
    1234     1177
    1857     1649
      19       19
      71       64
     290      296
      72       75
    2388     1860
       6        6
      17       17
     226      170
      65       65
     105      109
       9        9
       9        9
    4033     2657
    3906     2892
      48       43
     395      446
     124      117
     122      119
      26       30
       7        7
     168      168
      16       16
      39       38
      29       29
    3927     3962
       7        7
     147      150
      29       29
      11       11
      24       24
     354      325
      63       66
       7        7
     269      259
     127      124
      13       13
    3521     2643
      17       16
      20       20
    5833     5074
     112      101
     519      477
      48       48
      43       45
    1373     1368
     135      135
     217      181
     334      314
      19       19
      12       12
    3305     2687
      11       11
      51       51
      32       32
     423      402
     282      280
     207      188
       7        7
     109       92
      28       30
      30       30
      11       11
    1415     1488
      16       16
      28       28
      53       53
      30       30
      84       84
     561      561
      11       11
      16       15
     110      112
      12       13
     219      182
      15       15
     386      407
     119      113
     974      851
     422      342
      32       30
      59       59
     270      253
      25       25
     186      203
       9        9
    2584     2406
    1950     1950
    1802     1718
      10        9
      21       21
    3555     2672
      80       83
     300      296
      55       55
      64       61
    1476     1217
       7        7
    4310     4334
      42       42
      42       39
       9        9
     321      296
     981      991
       9        9
     295      297
    3089     3089
     135      140
    2565     2365
      49       52
      29       29
      32       30
      48       48
      17       18
      21       19
    1151     1119
     164      164
      87       89
    4724     4705
      75       79
     165      170
    1252     1253
      29       31
      74       74
      12       12
       5        5
      41       41
      17       17
    2099     1840
      14       15
     485      371
       7        7
    4981     4563
       7        7
      57       58
    1941     1637
      18       18
       6        6
     124      146
     520      395
    1785     1400
      48       49
     124      118
    2004     2003
    1215     1182
      75       75
      17       17
      45       45
      45       47
    1302     1136
      38       42
       9       10
     337      350
     107      104
      12       11
     222      220
      13       13
     267      277
      25       24
     350      372
    1248     1186
     404      375
      11       11
      58       56
     868      794
      14       14
      65       78
      32       28
      97       97
      57       57
    1065      948
     266      290
      84       84
      12       12
      31       22
    1303     1191
     467      348
      11       11
      20       20
     104      112
      33       33
      10       10
      16       16
      55       56
     219      216
    1878     1534
      11       11
    1855     1892
    6861     4810
    1651     1329
      11       11
     305      310
      80       81
      14       14
    1669     1374
     238      236
    1187     1142
      29       29
     185      185
     291      271
       7        7
       9        9
     626      656
     351      355
      37       30
     148      145
     214      195
     874      863
      13       13
      74       74
      13       13
    1447     1204
      23       22
     258      248
      12       12
     836      895
    9824     6936
      88       86
     259      261
      41       42
       6        6
     457      505
    2803     2743
     523      436
      16       18
      94       95
      36       37
     223      217
      62       62
     509      520
      26       21
    3055     2576
     176      178
    4960     4214
     894      929
     145      147
      12       12
    1464     1420
      71       71
      47       51
       7        7
    7045     5077
     248      251
      13       15
     877      860
     379      349
     791      599
     274      264
      21       20
     309      309
     145      141
      23       23
    6404     5094
     894      855
     104      100
     175      182
     150      166
    2096     1860
    2041     1862
    1951     1735
      17       20
     227      227
     136      174
      68       68
    5438     4332
       5        5
       9        9
     153      156
      13       16
      44       44
     317      297
      62       59
      26       26
     747      625
      76       75
       8       11
    2155     1098
     145      144
     280      281
    4156     2858
      23       23
      51       53
    1804     1744
      11       11
     420      353
      72       72
      65       63
      43       43
     361      378
     155      153
     217      216
       7        7
    1260     1209
     308      296
      94       94
     224      213
     456      437
    3785     3254
    1381     1076
    3125     3125
      56       56
    5380     4650
    1346     1229
     124      112
    7894     5875
      20       19
     152      152
    4846     3974
     661      716
     161      157
     388      349
      31       28
      15       15
    3451     3391
      58       61
      74       79
     272      266
      62       62
    1760     1757
      20       20
      13       13
      14       16
       9        9
      21       25
    4158     2951
      51       51
      16       17
      25       25
       8        9
    5149     4992
      18       19
       7        7
    2799     2298
      92       92
    3582     3070
     149      136
      24       24
     116      111
      11       11
    1172     1144
      11       12
      27       27
     265      253
      87       89
      68       68
    3750     2878
     309      309
     471      454
      19       19
       8       11
      12       12
     250      230
     266      260
      18       19
    5914     5556
     217      206
       7        7
      26       25
    2681     2598
    2545     2274
      11       12
       9        9
    1122     1165
     506      500
      14       14
     663      635
     546      433
     286      284
      26       26
    3698     3554
     469      436
      40       40
     800      776
      50       51
      19       20
      37       36
      19       19
     280      277
    8759     8470
     181      145
    2094     1829
    1266     1242
     717      608
    6478     6119
      16       16
     199      186
     119      122
      17       17
      81       74
      19       19
     560      451
      30       31
     733      649
    3190     3344
      18       18
     690      670
    4096     3946
      27       32
      14       14
     191      191
      21       21
     123      113
      10       10
      76       74
    1230      988
     155      167
      31       31
      16       16
    3128     2380
     340      361
      42       39
      39       41
     867      865
     182      178
     644      631
    1092     1230
      49       49
      11       11
     256      257
     143      147
       5        6
    4029     3962
     158      153
      13       13
     787      772
     199      163
      14       14
    1273     1197
      42       44
     585      518
      56       56
       9       14
    5191     4477
    2628     2719
      11       10
     234      216
     127      120
      18       18
      18       18
      24       24
      16       16
      39       40
    1734     1698
       9       10
      67       69
      14       14
      31       33
      53       53
      30       32
      49       49
      15       14
      15       15
      35       35
     143      127
      13       13
    1808     1866
      15       16
      21       21
     384      384
    3072     2761
      29       28
     111      111
     819      733
     616      588
      10       10
     258      323
     764      706
    1001      929
     152      152
    6594     5295
      11       11
     844      847
     200      194
      53       60
      11       12
      25       25
      51       54
       7        7
      41       41
      74       74
      31       31
    1678     1418
     224      196
     109      105
     109      109
      11       11
     289      309
    1001      929
      92       95
     986      986
     106      106
      46       46
     177      171
      26       27
    5556     5299
     562      543
       7        7
      87       87
      65       64
    1555     1327
      13       14
     334      303
     104       84
       6        6
      11       11
     181      143
      13       13
    8662     6467
      49       59
      71       71
      59       58
      31       33
      41       41
     544      423
       7        7
     288      288
    1709     1381
      34       34
     280      291
      11       12
     258      260
    9039     8299
      77       68
    1246      827
     126      126
      49       49
      17       17
    5796     5730
     220      222
    7092     6154
      75       73
     564      432
      18       21
     948      837
     109      113
      31       31
    3569     3483
    1125      717
      14       16
      71       78
     332      340
      22       25
    3877     4101
    1445     1188
       7        7
     231      222
      44       44
     287      296
     174      180
       4        6
    2885     2441
     149      140
      39       34
      45       45
    1455     1300
     139      143
      29       29
    1245     1265
      29       29
     160      160
      67       67
    3351     3292
     147      157
    3751     3427
      12       11
      30       30
      91      100
      97       97
     123      121
     136      139
       9        9
     263      262
    3046     2084
     309      309
       6        6
      48       43
    3896     3317
      40       40
      47       47
      62       62
      39       39
      23       23
    4360     3463
      33       34
       7        7
    3093     3104
    1660     1231
     159      163
      24       24
      24       24
    2291     2318
      30       31
      95       91
     181      143
      20       18
      21       21
     309      309
     555      521
     953      794
     918      837
    7211     5978
      14       14
     697      673
      71       68
      42       42
    2921     2672
      48       43
      40       40
       7        7
      98       98
     227      227
       9        9
      55       58
      56       48
      16       16
     345      396
    1322     1214
       4        6
      11       11
     267      269
      57       59
    1073      696
      27       27
       7        7
      40       40
      16       16
      35       34
    1848     1569
      16       16
    2442     2377
      28       31
      41       41
    5450     4617
     496      384
      22       22
     135      135
    6970     6708
     286      286
      56       51
      83       93
      79       78
      26       26
     314      323
      11       11
    1084      662
     217      217
     683      621
     672      581
     436      446
    1018      952
      55       55
      13       13
      44       44
      45       45
    1400     1293
     337      294
     157      147
    9507     6968
     134      134
      32       34
    5561     4524
      41       41
      49       49
     505      474
      21       21
      13       14
      44       44
      10       11
    1328     1359
       5        5
     234      234
      55       55
     262      260
      73       75
      52       52
     160      156
      18       18
     309      309
     152      154
     691      611
      42       41
    3830     2832
    8962     6138
    1652     1640
      36       36
       7        7
      80       85
      65       61
     342      337
     335      330
      15       15
     377      323
    7156     6782
     420      393
     363      261
      10        9
      67       62
     615      643
      29       27
      13       13
      31       31
     207      213
      30       31
     369      383
     186      183
     345      298
    2820     2572
       9        9
     116      117
     308      308
      47       46
      78       76
     508      407
      51       46
    7070     4984
      81       81
      88       86
      20       20
    1178      758
      29       27
      84       84
     281      289
     146      157
     144      138
    2809     2367
    1976     1758
      30       30
     389      389
    1168     1114
       7        7
     153      154
     388      349
      73       73
      18       18
    1807     1810
     718      760
      30       30
      12       14
      52       52
    1444     1154
    1947     1917
    1890     1159
      89       89
      10       10
      11       11
      29       29
      17       17
     924      918
     103      103
   10401     9990
     120      118
     106      107
    3930     3706
    7772     6478
      32       32
      17       20
    1115     1041
      11       10
      13       13
      37       40
       5        6
      21       21
     154      154
     255      221
      66       60
      33       36
     196      187
      12       11
     250      260
     104       90
    7335     6091
    1202      945
     138      128
      98      100
    7449     7233
      17       20
      36       36
     151      151
      20       20
    1915     1661
     327      325
     107      104
       7        7
      26       29
     948      846
      26       26
    6529     5095
      16       16
     125      131
    1187      746
      10       10
     309      309
       5        6
     112      109
      15       15
    5600     4543
      59       59
      17       17
      98      106
      81       79
    2872     2466
     324      304
     139      137
     148      151
     626      612
      45       45
    1087     1035
     546      559
      40       39
      55       54
    1247     1199
     323      297
     175      194
     177      155
      23       25
      62       66
     135      125
     310      289
     217      217
     268      294
      17       17
    7216     5645
      13       13
     255      252
      51       49
      40       40
    1091     1084
     709      677
      11       11
      84       85
     318      249
     216      204
      30       30
     128      133
    1193     1157
      17       17
    1424     1187
     168      173
     155      160
      14       14
      18       18
      14       13
     456      444
       9        9
      64       64
    1598     1597
      24       24
     213      222
       7        7
      32       32
      84       88
      15       15
       6        6
    5271     4762
      29       30
      46       47
     130      128
       8        9
    1456     1215
     160      161
      15       15
     193      206
      12       12
    2101     1225
      11       11
    1885     1638
     185      192
     171      173
    5359     4341
      37       37
      53       53
    4676     4645
     115      124
     265      254
      11       11
     156      156
      13       13
      22       22
    1291      863
     245      225
    7716     6319
      20       19
     983      919
      55       56
    8544     6384
      27       28
      17       17
    1231     1006
      55       66
     287      280
      11       11
    1181     1199
     309      309
    6410     5029
     155      157
     203      202
      45       46
     311      311
      10       10
       9        9
      11       11
      13       13
     735      573
      11       11
     113      118
      89       93
      26       21
   10308     7707
     181      145
      23       23
       7        7
      38       40
    1088     1083
    3644     2034
       9       11
      53       53
     341      325
     142      146
      11       12
     202      206
    1965     1911
      56       54
     717      668
    1383     1114
      10       10
     403      519
     123      121
      20       20
    1339     1287
      16       17
      15       17
      38       38
     286      281
      45       45
    1839     1423
     397      390
       8        8
    2805     2776
       8        8
     405      405
    9954     7233
      85       91
     280      241
     692      638
      16       16
      53       46
      23       24
      67       62
    1198     1112
    1653     1619
    1405     1360
      29       29
      26       25
      35       35
      13       13
      24       24
     365      379
      27       27
    1456     1215
       7        7
     538      549
    1052      940
     309      309
     174      180
      26       26
      10       10
      46       47
     324      324
    1077      806
     453      455
     168      154
       8        8
    6640     4603
     526      536
     112      142
     850      772
      29       29
    4093     3355
       9        9
      16       16
      32       32
     178      160
     389      398
      11       11
      34       39
     367      383
       9        9
      31       31
     631      542
    1950     1777
      71       71
     168      188
      36       35
      63       63
    4826     4078
    3763     3511
      21       21
     177      155
     273      257
     296      271
     145      148
      52       55
       7        7
      59       55
    1127     1144
       6        6
     121      112
   10491    10022
    3496     2752
     349      349
     289      280
     141      150
     154      154
     293      283
      38       42
     673      684
    2746     2470
    2489     2294
      21       23
      12       12
      45       44
      10       10
      36       34
    1444     1357
     116      135
      20       20
     220      196
    2772     2764
      31       31
    6945     6867
    3124     3124
      73       68
      29       31
      83       85
    3010     2685
     162      156
     246      240
     117      124
     156      158
      42       45
    6587     5404
     619      638
      32       30
      51       51
      13       13
    1182     1172
    1829     1776
     197      172
      10       10
     834      745
      81       91
     437      350
     710      640
     209      203
     225      209
     622      498
      16       16
      21       21
      34       35
     133      135
      15       15
      66       72
      84       84
      80       79
      33       32
     165      159
      13       13
     149      137
      37       34
      28       28
      13       13
      50       50
     336      367
     130      131
     650      632
    3107     3442
     154      158
      42       41
      37       37
     598      466
     767      811
      53       53
       6        6
      44       46
     231      228
    8079     7455
       9        9
    4363     3758
       9        9
      17       20
      11       15
     534      450
      14       14
     656      697
      83       78
      16       16
     240      253
      15       18
    2867     1983
      29       32
      50       50
     145      148
      10       10
     435      433
       7        7
     576      713
     305      307
      80       80
     103       91
     376      358
      23       23
       8        8
     109      108
      11       11
      70       66
      32       33
     350      371
      59       60
      34       34
      53       55
      52       52
    1507     1084
    8445     7345
      21       20
      62       40
    1743     1585
     154      185
     440      440
     366      381
      21       23
    1643     1587
     208      213
     673      631
      19       19
      21       20
     292      290
     210      214
    8544     6375
     826      888
       9        9
       9        9
     107      107
       8       10
     207      179
      71       68
      13       13
    5091     4271
      44       49
       7        7
     115      115
    5985     5009
    2248     2031
    1276     1125
      18       18
      85       88
     304      294
      63       63
      56       56
      61       43
      91       93
    2029     1760
      46       46
      14       14
    2209     2043
      57       58
      13       13
    7514     7622
     160      155
      19       19
     539      552
      13       13
    7271     7008
      11       11
    8318     5650
     431      406
      20       20
     190      190
     224      224
      45       45
      60       54
      31       31
      58       58
      27       27
    3897     3773
     304      303
      24       25
    2654     2566
    7344     6018
      22       22
    8544     6366
     113      113
      63       63
      11       12
    2009     1810
       7        7
     564      429
      13       13
     239      239
   10046     6099
      11       11
     548      547
     387      337
    1760     1754
      16       17
    1910     1948
    1194     1130
       8        9
    2298     1085
      81       79
    1175     1024
       7        7
    2209     1996
      32       35
    1645     1676
      92       98
     108      115
      96      102
     716      718
     362      347
    3634     3254
    1347     1136
      26       29
      31       29
     938      665
     210      203
      26       26
      70       72
      11       11
    5509     4550
      30       30
      57       56
    9946     7223
      65       63
    1158     1053
     193      172
    7662     5844
      30       32
    3804     3395
      63       64
      51       45
      11       11
     248      290
      13       13
     441      345
     181      145
    5532     5393
      13       13
     218      214
      28       31
      18       18
      30       26
     304      270
     781      715
       7        7
      15       15
    6589     6185
    5285     4762
     286      292
      56       56
      10       10
    6594     5295
      31       31
     200      200
     101      105
     294      296
      29       29
      10       10
     994      858
     498      401
     134      134
      48       48
    1940     1940
      12       13
     835      759
      12       11
     106       90
      25       25
      15       16
      24       25
     508      517
     240      240
     108      110
    1628     1444
     795      700
      48       49
       8        9
      28       28
     332      335
    7357     7264
      13       13
    2938     2938
     496      404
     242      241
     108      106
      16       18
      48       49
      11       11
      71       71
       8        8
     554      560
      11       11
     115      120
     227      227
      51       39
      14       14
      11       11
     209      208
      17       17
     870      861
    1851     1052
    1450     1440
      24       24
     109      111
      15       15
     111      111
     613      503
      14       14
    5129     4887
     711      716
     179      163
      24       24
     166      167
      24       24
     230      215
      25       25
      31       31
     886      886
      13       13
    1796     1664
     238      238
      24       25
      20       20
     150      152
     111      111
      10       10
     220      215
     132      125
     654      638
    6797     6156
     532      422
     211      202
      18       19
    1540     1392
      12       12
      89       89
      37       42
    1847     1655
    2342     2342
      61       63
       8        8
    1084      850
    1265     1226
     134      134
      62       56
      15       15
      59       65
    1538     1523
     907      712
     108      109
     754      596
      13       13
    3005     2607
       7        7
     194      200
      22       22
     186      211
      29       29
      80       79
      84       81
     159      159
      89       89
     164      164
      29       29
      18       17
     460      430
      13       13
      13       12
      14       14
    4395     4058
    6885     6522
    6133     6035
     388      346
     217      217
      22       26
     956      775
     724      565
     153      147
      13       13
     310      331
      33       33
     278      283
    1972     1874
      17       16
      62       66
     688      707
      10       10
      22       22
      59       57
      16       17
     685      709
       6        6
      38       38
     191      195
      44       45
     370      345
      79       79
      12       12
     483      483
    5358     4329
      11       11
      91       97
    2076     1598
     163      163
     698      619
      69       70
      11       11
     992     1010
      13       13
      56       63
    2695     2589
      17       17
     283      292
     291      281
      43       43
    1261     1263
      15       15
      60       60
    7044     7057
      21       21
       8        7
    1134      721
      84       84
    5399     5244
      25       25
    6157     5078
      23       24
     160      162
    7680     6390
      10       10
     231      216
     153      154
      83       82
     609      585
      21       22
     415      415
      23       23
      43       43
      10       10
      51       50
     634      520
     946      919
      10       10
     622      498
    9963     7773
    1121      673
    4255     4010
    1197     1192
    2829     2465
     256      256
     633      630
      21       21
    5159     5082
      34       34
      43       44
     926      806
    2978     2180
     117      112
      51       55
    4751     4712
       7        7
     576      713
      17       17
    1170      857
      75       66
     515      538
      11       11
      10       10
    2052     2075
      46       48
    1073     1048
     164      164
     669      624
      17       20
     670      679
     857      781
     330      352
      48       51
     595      608
      57       61
     217      217
      15       15
    1775     1775
     992      989
     165      154
     162      155
     826      740
      13       15
     320      318
      22       22
      54       46
     212      197
     669      574
    1882     1660
     160      160
    2013     2018
      29       29
     468      453
      53       54
      92       92
    3219     1578
      55       55
      84       84
      22       20
      42       41
     176      176
     887      891
     150      148
    3291     2679
     479      479
     349      334
     369      419
      18       18
      13       13
     473      399
      19       19
     188      174
     227      231
    4264     3466
    5324     4766
     236      227
     115      116
     105       97
    3037     3037
       7        7
     190      209
     236      236
    5132     4216
     325      314
      12       12
    3604     3352
      52       52
      39       42
      28       28
     649      698
      16       17
    7320     6164
     519      483
       9        9
      11       11
    6709     6059
    1001      929
      56       56
     356      356
      26       26
       7        7
      50       55
      79       79
    1143     1088
      11       11
       8        8
     119      118
      22       23
    6108     5958
      72       63
      26       26
     465      417
      10       17
      22       22
    1214      979
     285      279
     239      242
      13       13
      57       48
     155      155
      21       21
      76       79
      84       84
     549      533
       7        7
      60       60
      31       31
      23       24
     101      107
      13       13
     333      318
    6118     5236
     264      216
    3795     3330
    6960     6580
      10        9
     603      601
      13       13
      10       11
    1139     1139
      48       48
     623      615
     441      438
     238      202
      89       89
     126      126
    2114     1136
      22       22
    4051     3077
     205      217
    1216     1129
      13       13
     341      290
      17       18
      17       17
     215      207
    1021     1021
    1791     1786
     639      574
     719      569
     732      613
      10       10
     488      506
      25       25
      31       31
    1149     1082
      10       10
    1529     1492
      14       14
      43       44
     555      557
     350      380
      43       44
      27       27
     691      626
      31       31
    6046     5985
     879      879
      14       16
     560      548
    8544     6375
      20       20
    1143     1075
    2934     2408
    1181     1018
    1502     1251
    1214      967
      57       55
      26       26
      17       17
      61       56
      91       91
      21       19
     118      105
      23       23
      15       15
    7772     6479
    3397     2298
       6        6
     118      118
      76       76
      16       15
      30       30
     671      760
     673      726
     907      907
      16       18
      94       97
    5382     5023
      14       13
      11       11
     250      250
     787      816
    6302     5694
      10       10
     948      945
     261      266
      90       90
     576      463
     281      271
    5909     5069
    3607     3182
     176      176
    7633     7557
    2477     2477
      33       33
     145      141
      20       18
      53       53
      22       22
      55       55
     106      106
       6        6
      21       21
     780      780
     112      109
      19       20
      55       55
    2911     2837
    2977     2691
    1404     1278
      35       35
      11       11
     500      502
     265      263
    1190     1204
     587      493
      32       32
      11       11
      31       32
      17       17
    2892     2833
      57       53
      22       22
      61       62
     244      246
     137      127
      14       15
      42       37
    3753     3967
     283      289
     292      307
    1592      982
      25       25
      68       67
      41       41
     704      563
     311      302
       5        5
    2913     3120
      12       13
      37       37
       9        9
      50       53
      92       96
       5        5
    4308     4493
    6056     6010
    5588     4936
     844      844
     146      142
     108      115
      86       88
      95       98
      14       13
     476      476
      35       41
      21       21
      22       21
     650      632
       7        7
      17       20
      44       44
    8246     7382
    7913     6060
     111      104
      42       42
     263      259
      20       20
    3539     2789
      27       27
      49       49
     216      202
    1240     1037
    1173     1173
      54       54
     606      577
      82       84
     194      195
      67       65
    1285     1214
      86       85
     195      195
      63       64
     682      727
      25       29
     399      407
    1242     1146
     111      104
      26       26
      31       31
      19       16
    1265     1265
    1010      833
     409      409
      14       13
     205      208
      11       11
      60       66
      10        9
    3076     2677
     142      147
      78       81
      24       24
    1206     1150
     228      204
      75       84
      70       64
      57       57
      21       20
    2090     1926
     589      469
      18       19
      82       82
    1097     1042
       5        6
      79       73
      23       23
    2470     2470
       5        6
     193      193
      61       66
      12       12
      13       13
    1317     1214
      24       24
     154      143
      13       14
    7566     7267
       9        9
     440      440
     107      103
     811      813
      21       21
      10       12
     111      109
      11       11
     100      109
      21       21
       5        5
     282      272
      20       20
    3610     3606
    1145     1118
      53       53
     113      118
      17       20
       9        9
    1096      916
      65       68
       7        7
      23       26
       9        9
     908      912
      16       15
     125      123
    3765     3146
    1559     1550
      47       48
      31       31
      43       43
      28       28
     164      164
      14       14
      90       87
      10       10
      29       29
      74       70
     146      146
     710      593
      91       87
      17       20
    2203     2002
      16       16
      29       29
      22       22
    5642     4945
      87       89
     228      216
     199      197
      45       45
    3539     2789
     164      164
     286      276
    1127     1144
      11       11
      18       21
     814      635
    4980     3697
      10       10
     481      415
     137      138
     578      427
      23       23
      17       17
    4025     2767
    2536     2251
      59       65
     362      286
      80       80
      52       52
      21       22
      61       61
       8        9
    2298     2247
     273      273
     191      191
     141      122
      98      106
    1238     1115
    3941     3732
      19       21
    1410     1301
      20       19
    6518     5519
     321      320
     473      475
    1001      929
     452      384
     627      585
     120      120
      56       55
     412      306
     431      448
     273      273
    1406     1163
      42       41
      65       63
    3965     3669
    2479     1464
     265      267
     358      432
      11       12
       9        9
      20       20
      16       16
      74       74
      67       70
      20       20
      11       12
      21       21
      61       62
    2216     2057
     221      219
     630      608
      39       39
      34       34
    1047     1022
     477      466
     164      165
    1104      678
     108      115
      95       95
     909      849
       9       14
      74       71
      44       44
    2382     2190
    2905     2449
      11       11
      22       18
      26       26
    3624     3370
     473      473
     879      830
     342      341
      11       11
     378      369
     416      350
     255      255
     807      729
      32       32
     859      695
     279      277
      15       15
      95       97
      14       14
    1310     1178
     176      168
     201      180
     635      685
      16       16
      29       29
      97       96
      16       16
      42       46
       9        9
      91       91
      25       25
      21       21
     828      833
      18       21
       8       13
     245      242
      71       70
      10       10
    3689     3299
      35       35
      52       55
    3376     2467
     196      200
     102      100
      35       48
     309      309
      24       24
     881      822
      14       14
     439      439
      13       13
      13       13
     447      452
      15       15
     453      436
      60       60
      14       13
     599      579
      19       20
     189      190
     574      506
     320      310
     149      146
    2508     2309
    2030     1694
      12       12
      51       50
      11       12
    4052     3689
      26       26
      88       89
     197      186
      77       75
     441      439
      28       30
    4691     4368
      60       54
    1630     1604
    1060     1036
      60       60
      15       17
    7149     6232
     231      222
      10       10
      14       14
      14       14
     372      353
      10       10
      31       31
      45       45
      61       61
    7316     7307
      55       54
      70       56
    2794     2518
      36       36
     101       97
      12       12
     239      223
      11       11
    1350     1319
     835      634
    1837     1859
       8        8
     165      169
     197      202
       9        9
    4997     3942
     332      326
      99       97
    3166     2611
     337      337
      18       19
    2244     1696
      89       89
     128      120
      18       18
    1199      936
      51       43
    2591     2156
      10       10
      20       20
      30       30
      27       26
      69       69
      14       14
    5505     4806
     210      181
     298      278
      26       25
       7        7
       9        9
     839      828
     163      155
      23       23
     540      537
      14       13
     677      709
      32       32
    8854     6932
     103      103
      41       42
     708      733
     384      423
       9        9
      89       89
       9        9
     404      400
     763      699
      47       46
      17       17
     371      389
     229      179
      45       45
    6566     4882
    4594     3765
     121      116
      40       40
     986      954
     468      408
       9        9
     149      150
     656      650
      14       14
    7490     7119
      84       85
     135      129
       5        6
      48       48
      29       27
     664      621
     368      347
     495      386
    1190      681
      33       35
     783      802
     120      115
     239      239
    2209     1996
      36       37
     416      451
      89       89
      10       11
      26       26
    7838     6909
      20       21
      21       21
      30       30
      31       30
    8021     7181
      26       21
      32       32
      51       51
       9        9
      21       20
    1839     1678
      32       34
    3595     3250
      36       40
     124      131
       7        7
    2067     1934
     158      170
    2125     2072
      71       69
      45       45
      80       90
      35       35
      53       53
     265      245
      56       57
    1467     1507
    1261      984
    2520     1915
      14       12
     365      277
     230      230
      26       26
    2433     2425
      26       22
      34       35
     294      295
    1694     1293
     228      202
      93       92
     165      157
      33       35
    4358     3826
    4746     4051
      31       31
     113      118
    3371     3187
     406      406
      37       37
    6142     6142
    1073      915
      49       48
    2392     2346
      64       64
      15       15
     505      505
      73       73
    1603      987
     115      112
    1387     1152
      10       10
      37       42
      22       22
      42       42
      20       20
    2130     1974
      17       17
    1586     1319
      39       42
       9        9
     252      246
     345      347
     141      145
      51       53
      28       30
    7630     7485
      25       25
      29       29
      65       64
      56       56
      16       16
     540      486
      66       66
      20       20
      12       12
     237      237
     100      108
     448      448
    3040     2366
    4191     3634
      23       23
      17       20
       5        5
      89       87
      31       32
    1260     1170
     145      144
     362      369
      11       11
     180      166
      21       19
      31       31
      81       83
     300      301
     697      703
      22       22
      38       37
    1764     1690
     951      945
       9        9
     788      755
      13       14
     309      309
      43       44
     100      103
     147      152
     181      139
      22       22
      43       43
    1159      979
     296      292
      20       20
      29       29
     142      142
      34       35
     427      413
     286      286
      20       19
      14       14
     331      310
    5176     5141
      32       28
    1004     1002
      15       17
     906      877
      50       50
    1214      973
     336      336
     116      105
      53       53
      20       21
    9233     8744
    3468     3009
     743      703
       5        6
     104      104
      62       56
    1807     1810
     266      215
      15       15
     306      306
    7680     6390
      11       11
      39       39
      64       68
     476      479
    1242     1146
      21       20
     353      332
     293      293
     103      101
       9        9
    1954     1806
     371      273
      44       43
     320      314
      23       23
      41       45
    2223     2224
      52       50
      12       12
     153      154
    1635     1524
      24       24
    9663     6962
     406      350
      21       20
     121      133
    1308     1056
      14       14
    1015      986
      10       10
     322      301
    6342     5196
     516      495
     167      159
     203      203
      15       15
       9        9
     191      175
     341      341
      65       64
       6        6
     138      126
     212      221
      31       31
      25       25
    1094      746
    1008     1007
      51       51
      89       89
       9       10
      10       10
    6758     5431
    1161      849
    5272     5094
      47       48
     352      345
     250      224
      71       66
     174      183
     226      198
      28       28
     440      376
      14       17
      74       74
      15       15
    1058      950
     341      360
       8       11
    4174     3663
     126      117
     387      337
     125      119
    6032     5981
   10120     7098
      13       13
       4        6
    3616     3723
      75       86
      20       26
      19       19
     679      663
      14       14
      36       34
      49       49
     328      339
       7        7
     583      520
      41       41
      11       12
     727      605
     185      183
       9        9
      42       42
    3138     2579
    1615     1600
     126      126
      16       17
     219      208
     423      412
    2459     2182
      57       61
     164      164
       8        8
      75       76
      13       13
     256      257
    1091      851
       6        6
      30       30
    6534     5388
      89       89
      58       58
      11       12
    2744     2624
     171      170
      10       10
       7        7
     541      517
      50       49
      84       87
      49       49
      40       40
     167      170
     154      142
      20       21
    4451     4438
    5923     4975
      10       10
     118      111
     641      529
      34       34
     206      218
     205      203
    2030     1776
      22       18
     186      186
     124      119
     131      142
     388      350
     476      476
      76       66
    2002     1906
      22       22
    1814     1370
    1248     1207
     342      354
     249      259
     175      169
      18       19
    1547     1429
     154      155
      49       47
    4029     3451
      28       28
     363      354
     103      104
      60       60
    1277     1243
      19       19
     190      184
    1753     1090
    5992     5992
      63       63
     338      338
     123      129
      19       18
     798      804
     367      274
     138      139
      11       12
     529      559
     437      433
     270      274
     110      110
      82       81
       6        6
      15       15
     111      119
     299      293
      23       23
    3067     1764
     239      239
      45       45
     509      373
       9       10
    1253     1203
       8        8
      22       25
    2785     2882
      55       60
    2336     2361
     126      126
     886      886
      88       86
      48       48
     238      225
      35       33
      57       58
       9        9
     951      945
    6030     5970
      15       15
    1101     1101
     389      369
      28       29
       7        7
     348      348
     353      276
      31       31
       7        7
    4237     3750
     924      924
      77       77
      42       42
      25       26
     496      418
    4091     3971
     239      234
     424      411
      87       93
      39       41
      89       92
    2575     2575
     139      133
      10        9
      11       11
    6588     6147
      28       31
    1383     1125
    1330     1357
      29       30
      91       91
      68       71
      33       33
       7        7
      20       21
      42       46
    2963     2507
      11       11
     265      283
      15       15
     155      164
    5678     5567
     328      267
      32       32
    1214      973
    1705     1615
      16       18
      65       57
     760      743
     227      227
    3076     2784
      65       76
     226      215
      20       18
    3734     3458
    4674     3673
     447      419
       6       10
    1100      681
       9        9
     607      593
     106      106
    6152     5145
     227      227
      45       45
      17       18
      24       25
      31       32
    4019     3756
      96      109
      32       32
    1939     1268
      57       57
      61       62
     138      138
      13       13
      90       91
      38       36
     118      123
     609      598
     332      332
      88       72
    3904     3658
       6        6
      83       87
     385      417
     738      668
    3656     1993
    3756     3312
      26       26
     158      162
    6613     5498
      54       55
      57       57
     193      185
     995      835
      44       45
    1513     1392
      88       92
      13       13
    1589     1417
     197      195
    1456     1213
      57       57
     142      142
      13       14
      34       35
      11       11
    1463      974
      93       93
    4089     1968
      42       43
    3368     2737
      41       41
    1035     1083
      76       76
      17       17
    6139     6018
     175      171
     256      251
     541      536
      30       26
    1128     1128
    1763     1489
     493      444
    3856     3505
     118      129
      21       22
      16       15
      16       16
      34       35
     220      195
      39       42
    1092      701
    5344     3440
     209      211
      73       72
      12       14
     273      258
     192      200
      27       27
      43       47
     392      346
      11       11
     414      411
     242      276
     159      153
     641      650
     222      228
      16       17
     204      204
    2076     1598
     147      157
      11       11
      27       27
      18       21
    2232     2153
      10       10
      63       65
    1035     1035
      33       34
     600      464
     778      705
       8        9
    1868     1514
       6        6
      17       17
     520      513
      86       86
      78       81
     227      227
     139      139
    3894     3428
     122      113
    1179      899
      29       29
    6060     5958
     369      295
    1016     1016
      19       19
      60       64
      24       23
     153      202
    1153     1153
      19       18
     264      262
      97       97
     148      170
      26       24
    6323     5924
       8       11
       9        9
     199      219
      34       34
     341      338
     875      875
     204      202
    1035      991
     204      191
      35       38
      14       14
     344      344
    2433     2269
      27       27
      71       71
      68       68
      10       10
      13       13
    1576     1580
      30       30
      10       10
     402      402
     165      163
      16       16
      48       48
    1023      888
      37       37
      68       73
     148      144
    3394     2855
     920      869
     276      276
      39       39
      13       13
       9        9
      87       89
      11       11
      22       22
      57       57
      30       30
      40       43
     124      124
    4089     3587
      10       10
     351      324
      45       45
      14       14
     220      221
     145      148
     309      309
    1620     1067
      17       20
      10       11
      17       17
     109      108
      12       12
    3125     3125
     314      298
       7        7
     167      170
      89       89
       9        9
    6747     6134
     225      209
     218      224
    1172     1160
     308      307
       9        9
      82       88
    8544     6375
    2165     2037
     221      219
     103       99
    3632     3279
      62       60
       9       10
     156      164
     333      296
    5192     4261
     101      104
     404      404
      75       68
     119      114
    3118     2803
      17       17
      56       56
      18       17
      89       89
    1118      843
     485      396
    2889     2362
     450      439
      69       60
      81       81
     200      166
      48       48
       8       10
     161      159
      38       38
       5        5
      81       88
      13       13
      24       23
    1161     1086
       7        7
      74       74
      35       31
      41       41
     652      641
    1214      949
      11       11
    5622     5064
     340      319
      14       15
    6651     6410
     369      359
     286      284
     218      203
    8276     5847
      22       22
     295      267
      34       34
    1803     1677
      71       71
    2483     2426
     245      232
      31       33
       9       10
     461      453
      23       24
     115      115
      34       34
     141      146
     416      420
      27       29
     103      103
    1942     1662
      26       26
     309      309
     134      134
      13       16
    4315     3537
      76       74
       8       10
      20       20
      11       11
     796      584
    1190      681
    3653     2197
     205      195
      26       21
     242      242
     289      287
      12       11
    3525     3213
      27       27
       8        9
    2342     1571
    1101      858
      94       95
     666      708
    7774     6475
      13       13
      42       43
      86       85
     548      495
      32       30
      11       11
     369      377
     362      424
      29       31
      89       89
     394      376
     284      289
    1109      976
      24       24
     105      102
    4762     4626
    3330     2845
       5        6
      75       71
      60       60
     234      269
     231      222
    3539     2789
     798      578
      53       53
      18       18
     542      471
      24       25
      14       14
     379      378
      19       19
    2849     2839
    3951     3464
       8        8
      80       79
      42       43
    2379     1964
      47       37
     214      216
    1161      708
      42       42
     122      122
    3388     2911
      25       27
      72       76
      25       24
    2796     2424
      11       11
     148      172
     154      154
      14       15
     144      136
      24       24
      10       10
      30       30
      11       11
    1102      794
      52       55
    1779     1772
      12       12
     106       98
    6156     5234
     892      890
      26       30
     181      187
      88       86
    2662     2476
     670      572
      27       27
    1523     1389
      26       27
      26       26
       8        8
     409      371
     646      684
       9        9
    6353     5657
     228      204
    1102      794
      80       76
    1002     1063
      10       10
     232      208
     450      400
     106      106
    2210     2180
      42       42
    3437     2680
      11       11
     150      148
      86       85
     132      133
     594      594
     274      257
      16       17
       9        9
      31       31
      75       75
      53       53
      15       15
     294      298
      67       65
      10        9
      63       63
     227      227
     660      614
      32       30
    1353     1170
    2185     1244
     560      577
      68       62
      23       29
     162      163
      43       43
      95       95
     276      268
      88       90
     382      370
      31       31
     285      267
    2414     1553
     148      146
      31       33
      35       36
     322      301
     239      219
      11       12
     525      543
     227      212
     311      306
      35       36
     118      123
      81       81
      35       35
    4219     4044
      47       41
      11       11
    1278     1278
     409      399
      38       38
     217      169
      37       38
       5        5
      63       63
    3966     3723
      13       13
      45       45
    1470     1496
      25       25
    1445     1207
     456      468
      57       57
      17       17
     239      239
    1411     1377
     175      184
     218      203
    1159     1173
     125      126
      11       11
    1903     1601
    6258     6288
     122      122
    1995     1962
    1611     1427
       9        9
     231      231
      44       44
       6        6
     457      482
      44       45
      16       16
      19       19
    1156      871
    1276     1037
      76       76
      35       37
      31       31
    3414     2203
      20       20
      17       20
    3312     2862
      10       10
      31       30
     319      321
    3878     3829
      97       94
     180      195
      29       31
      51       40
      11       11
      79       79
      32       33
      19       18
     268      264
     237      237
      13       14
     115      113
     239      239
      10       10
     827      780
     104       99
     586      583
      41       41
      75       62
     169      158
     338      329
      22       22
      15       15
     260      262
     382      443
     886      886
      18       21
       8        8
       9        9
      17       20
       8       11
    6016     5914
     134      134
       9        9
      14       13
     757      781
    2085     1881
     227      227
     232      216
      59       60
     714      600
    1242     1043
       7        7
       8        8
      14       14
      31       31
       8        8
    1494     1347
      45       46
      15       16
      16       17
    2603     2334
     760      770
    1291     1018
     238      237
    5380     4408
     150      152
     356      356
       5        6
      15       15
      33       31
      76       79
    1341     1010
     278      258
    2501     2501
    1679     1688
      69       69
      25       25
     115      115
       6        6
      34       35
      22       22
      22       19
      14       15
      22       23
      66       71
      15       15
     389      389
     121      127
    7992     5002
      11       12
       9        9
     365      365
     106      111
      67       67
     907      907
      43       43
     368      264
       5        5
      14       14
       9        9
    4116     4234
     149      150
     161      161
    1075      691
     249      262
      61       43
      20       20
       6        6
     181      141
    7892     5872
     354      332
    3120     2670
      81       81
     173      164
      21       21
    3121     3121
      45       46
      71       71
     167      176
       4        6
     561      554
      32       30
     526      526
      57       57
     375      279
     181      143
      26       23
    3627     3489
    1041     1087
     794      531
      11       12
     166      169
      25       25
     616      528
      84       84
    4327     3979
      39       42
    5144     4757
      16       15
    6141     6141
      43       44
       9       10
      67       73
     127      128
      12       12
       8        9
     340      309
    1084      798
    3245     2909
     195      182
    1546     1274
     170      168
      11       11
      11       11
     151      151
      27       27
     427      434
      27       26
      21       21
    7756     6852
      33       33
     180      160
     344      344
      10       10
     621      657
    3449     2585
      29       29
      34       33
      18       18
      16       14
    2247     2247
      18       18
    1102      794
     646      647
     465      468
      32       32
     121      113
     230      230
     374      350
      17       17
     237      237
       9       14
      56       56
       9        9
     449      424
      41       40
     529      559
      43       43
      94       83
     721      629
      79       78
      17       17
       8       10
     313      327
      88       84
      16       16
    1146     1029
      23       23
      31       31
      96      109
      15       15
      80       79
     453      453
     557      421
      71       68
     367      383
      19       19
      44       41
     451      457
      46       46
      40       40
      22       21
    1457     1215
      81       83
      45       45
     126      130
    1282     1293
    7100     5167
       8        9
     688      659
     595      555
      94       93
      23       23
    1122     1122
      13       13
     224      219
    3076     2728
    1326     1411
      62       60
     190      197
     242      242
      71       66
      35       36
       6        6
    1587     1526
     256      257
      15       17
       8        9
    2327     2086
      35       38
      38       38
     281      283
    1001      929
      37       37
    3677     3677
      75       75
     315      324
     184      181
      86       86
     472      473
     254      254
      23       23
      33       33
     153      157
      11       11
     106      109
      95       96
      21       19
      54       51
      19       19
       9        9
      89       89
      37       37
    1540     1382
     108      108
       6        6
      19       20
      10       10
      22       19
     841      841
     551      414
    1070      905
    3968     3391
   10302     7502
      14       13
     511      506
     151      151
     189      177
     239      240
      16       20
    2448     2106
      70       70
       5        6
     592      500
      15       17
     159      156
     505      505
      34       34
      57       61
    4193     3602
      75       75
     222      220
    2768     2259
       6        6
      35       38
      22       22
     151      174
     149      140
    2990     2574
      20       20
      13       14
      75       62
     151      148
       5        5
       7        7
    1134      715
      20       20
    1077     1047
     186      153
      35       35
     129      119
    1736     1330
     120      117
     352      332
      71       71
     864      848
       5        5
       8        8
    1141      951
      20       20
      28       28
      21       21
      29       29
     134      134
    1683     1413
      58       61
    1134      719
      16       17
      36       36
     907      907
      52       53
      42       46
    4282     3537
     285      338
      18       18
      25       25
      58       64
       8        8
     678      657
      26       31
     105      104
    6546     5226
     411      354
     224      224
       9       14
       6        6
     143      144
      19       19
      18       17
      43       44
    1687     1665
    5990     5815
    1151      677
      10       10
    9291     6291
     498      401
      11       19
      57       57
     757      753
    2262     1192
      21       21
     191      173
     153      158
     158      170
    2758     2535
    7068     5329
      24       23
     328      322
    2013     1841
     529      559
     115      114
      24       25
      10       10
       8        8
      37       42
      11       11
     873      733
    7241     5970
      26       23
    2755     2397
     245      245
      24       23
     109      107
     148      146
      39       39
    1197     1141
     136      131
      44       44
      45       45
     309      309
      80       80
     333      376
     183      169
      26       26
    4405     4072
      34       35
      43       43
      14       14
